68
38.990046
-76.936319
0
38.989862
-76.936164
0
38.990087
-76.936201
0
38.990811
-76.936299
1
38.990866
-76.936403
0
38.990512
-76.936375
0
38.990442
-76.936587
0
38.990449
-76.936761
0
38.991086
-76.936359
0
38.991030
-76.937912
1
38.991051
-76.938034
0
38.990997
-76.937798
0
38.987857
-76.944438
1
38.987869
-76.944481
0
38.987848
-76.944990
0
38.988240
-76.944540
0
38.988282
-76.944341
0
38.988265
-76.944550
0
38.987852
-76.945124
0
38.988068
-76.941809
0
38.988201
-76.941815
0
38.987851
-76.941638
0
38.988214
-76.939296
0
38.988447
-76.939044
0
38.988635
-76.939060
0
38.988797
-76.938754
0
38.988806
-76.938550
0
38.988793
-76.938008
0
38.988810
-76.937794
0
38.988799
-76.937255
0
38.988209
-76.940017
0
38.988222
-76.940318
0
38.988447
-76.940210
0
38.988597
-76.940205
0
38.988676
-76.940232
0
38.988891
-76.938242
1
38.989942
-76.936219
1
38.991230
-76.939459
1
38.988240
-76.940087
1
38.986765
-76.939522
1
38.986027
-76.939919
1
38.986047
-76.938487
1
38.986114
-76.936153
1
38.985072
-76.936679
1
38.984150
-76.940557
1
38.984150
-76.940557
1
38.985168
-76.942971
1
38.984863
-76.943948
1
38.985979
-76.944779
1
38.985979
-76.944779
1
38.985979
-76.944779
1
38.988506
-76.946448
1
38.986046
-76.947847
1
38.985225
-76.947225
1
38.984516
-76.947484
1
38.983416
-76.947423
1
38.985192
-76.946002
1
38.985904
-76.946717
1
38.983228
-76.943864
1
38.983568
-76.943722
1
38.983217
-76.945583
1
38.990838
-76.941282
1
38.992010
-76.943029
1
38.993402
-76.943426
1
38.993506
-76.944960
1
38.991248
-76.950304
1
38.995237
-76.940639
1
38.990155
-76.936115
0
